10 2
10.000
104.000 137.000 145.000 172.000 176.000 157.000 150.000 170.000 155.000 184.000 
0.000 62.000 67.000 78.000 72.000 71.000 64.000 64.000 63.000 68.000 
62.000 0.000 79.500 71.000 53.000 73.500 62.000 60.000 51.000 66.000 
67.000 79.500 0.000 75.000 62.000 70.000 73.000 68.000 61.000 59.000 
78.000 71.000 75.000 0.000 76.000 27.000 77.000 60.000 78.000 58.000 
72.000 53.000 62.000 76.000 0.000 71.000 72.000 54.000 87.500 73.000 
71.000 73.500 70.000 27.000 71.000 0.000 67.000 78.000 79.000 79.000 
64.000 62.000 73.000 77.000 72.000 67.000 0.000 72.000 52.000 30.000 
64.000 60.000 68.000 60.000 54.000 78.000 72.000 0.000 90.500 76.000 
63.000 51.000 61.000 78.000 87.500 79.000 52.000 90.500 0.000 52.000 
68.000 66.000 59.000 58.000 73.000 79.000 30.000 76.000 52.000 0.000 
0.000 0.000 162.000 4448.000 0.000 0.000 0.000 0.000 0.000 0.000 
0.000 0.000 119.000 0.000 0.000 119.000 3075.000 0.000 109.000 0.000 
162.000 119.000 0.000 0.000 0.000 3916.000 167.000 0.000 0.000 0.000 
4448.000 0.000 0.000 0.000 0.000 162.000 0.000 0.000 0.000 0.000 
0.000 0.000 0.000 0.000 0.000 0.000 0.000 4986.000 119.000 119.000 
0.000 119.000 3916.000 162.000 0.000 0.000 167.000 0.000 0.000 0.000 
0.000 3075.000 167.000 0.000 0.000 167.000 0.000 0.000 0.000 118.000 
0.000 0.000 0.000 0.000 4986.000 0.000 0.000 0.000 156.000 156.000 
0.000 109.000 0.000 0.000 119.000 0.000 0.000 156.000 0.000 4119.000 
0.000 0.000 0.000 0.000 119.000 0.000 118.000 156.000 4119.000 0.000 
