12 2
10.000
101.000 136.000 196.000 196.000 164.000 188.000 104.000 138.000 101.000 125.000 130.000 186.000 
0.000 68.000 78.000 41.500 54.500 54.000 78.000 54.000 62.000 63.000 75.000 79.000 
68.000 0.000 21.000 76.000 57.000 76.000 118.000 53.000 52.000 80.000 67.000 54.000 
78.000 21.000 0.000 52.000 62.000 68.000 64.000 23.000 53.000 63.000 67.000 53.000 
41.500 76.000 52.000 0.000 62.000 63.000 52.000 80.000 101.500 62.000 54.000 59.000 
54.500 57.000 62.000 62.000 0.000 62.000 104.000 61.000 60.000 64.000 61.000 71.000 
54.000 76.000 68.000 63.000 62.000 0.000 79.000 73.000 53.000 30.000 60.000 70.000 
78.000 118.000 64.000 52.000 104.000 79.000 0.000 58.000 76.000 61.000 69.500 71.000 
54.000 53.000 23.000 80.000 61.000 73.000 58.000 0.000 130.500 66.000 69.000 88.000 
62.000 52.000 53.000 101.500 60.000 53.000 76.000 130.500 0.000 75.000 54.000 51.000 
63.000 80.000 63.000 62.000 64.000 30.000 61.000 66.000 75.000 0.000 57.000 61.000 
75.000 67.000 67.000 54.000 61.000 60.000 69.500 69.000 54.000 57.000 0.000 53.000 
79.000 54.000 53.000 59.000 71.000 70.000 71.000 88.000 51.000 61.000 53.000 0.000 
0.000 0.000 2994.000 178.000 114.000 0.000 0.000 0.000 0.000 0.000 0.000 0.000 
0.000 0.000 189.000 0.000 2216.000 113.000 137.000 0.000 0.000 0.000 0.000 0.000 
2994.000 189.000 0.000 0.000 0.000 0.000 0.000 159.000 0.000 0.000 0.000 0.000 
178.000 0.000 0.000 0.000 0.000 0.000 0.000 2098.000 183.000 0.000 0.000 183.000 
114.000 2216.000 0.000 0.000 0.000 113.000 137.000 0.000 0.000 0.000 0.000 0.000 
0.000 113.000 0.000 0.000 113.000 0.000 3372.000 0.000 0.000 165.000 0.000 0.000 
0.000 137.000 0.000 0.000 137.000 3372.000 0.000 0.000 0.000 0.000 186.000 0.000 
0.000 0.000 159.000 2098.000 0.000 0.000 0.000 0.000 148.000 0.000 0.000 148.000 
0.000 0.000 0.000 183.000 0.000 0.000 0.000 148.000 0.000 0.000 0.000 3877.000 
0.000 0.000 0.000 0.000 0.000 165.000 0.000 0.000 0.000 0.000 2720.000 0.000 
0.000 0.000 0.000 0.000 0.000 0.000 186.000 0.000 0.000 2720.000 0.000 0.000 
0.000 0.000 0.000 183.000 0.000 0.000 0.000 148.000 3877.000 0.000 0.000 0.000 
