12 2
10.000
146.000 133.000 160.000 140.000 103.000 186.000 122.000 121.000 179.000 152.000 198.000 199.000 
0.000 61.000 77.500 73.000 69.000 54.000 51.000 52.000 68.000 74.000 63.000 56.000 
61.000 0.000 75.000 56.000 116.500 75.000 77.000 74.000 54.000 66.000 21.000 63.000 
77.500 75.000 0.000 52.000 56.000 61.000 78.000 71.000 80.000 74.500 78.000 35.000 
73.000 56.000 52.000 0.000 112.500 71.000 69.000 80.000 71.000 55.000 79.000 71.000 
69.000 116.500 56.000 112.500 0.000 59.000 122.000 122.000 78.000 64.000 73.000 55.000 
54.000 75.000 61.000 71.000 59.000 0.000 80.500 80.500 71.000 61.000 69.000 78.000 
51.000 77.000 78.000 69.000 122.000 80.500 0.000 67.000 57.000 61.000 74.000 26.000 
52.000 74.000 71.000 80.000 122.000 80.500 67.000 0.000 69.000 66.000 72.000 76.000 
68.000 54.000 80.000 71.000 78.000 71.000 57.000 69.000 0.000 65.000 26.000 57.000 
74.000 66.000 74.500 55.000 64.000 61.000 61.000 66.000 65.000 0.000 69.000 75.000 
63.000 21.000 78.000 79.000 73.000 69.000 74.000 72.000 26.000 69.000 0.000 74.000 
56.000 63.000 35.000 71.000 55.000 78.000 26.000 76.000 57.000 75.000 74.000 0.000 
0.000 0.000 120.000 0.000 0.000 0.000 0.000 0.000 147.000 4473.000 0.000 0.000 
0.000 0.000 0.000 0.000 133.000 126.000 2919.000 0.000 0.000 0.000 112.000 0.000 
120.000 0.000 0.000 0.000 0.000 0.000 0.000 0.000 3174.000 120.000 0.000 113.000 
0.000 0.000 0.000 0.000 113.000 113.000 0.000 2961.000 0.000 0.000 0.000 0.000 
0.000 133.000 0.000 113.000 0.000 3473.000 133.000 188.000 0.000 0.000 0.000 0.000 
0.000 126.000 0.000 113.000 3473.000 0.000 126.000 188.000 0.000 0.000 0.000 0.000 
0.000 2919.000 0.000 0.000 133.000 126.000 0.000 0.000 0.000 0.000 0.000 179.000 
0.000 0.000 0.000 2961.000 188.000 188.000 0.000 0.000 0.000 0.000 0.000 0.000 
147.000 0.000 3174.000 0.000 0.000 0.000 0.000 0.000 0.000 147.000 194.000 0.000 
4473.000 0.000 120.000 0.000 0.000 0.000 0.000 0.000 147.000 0.000 0.000 0.000 
0.000 112.000 0.000 0.000 0.000 0.000 0.000 0.000 194.000 0.000 0.000 3966.000 
0.000 0.000 113.000 0.000 0.000 0.000 179.000 0.000 0.000 0.000 3966.000 0.000 
