16 2
10.000
186.000 179.000 134.000 105.000 102.000 168.000 191.000 137.000 176.000 122.000 176.000 131.000 174.000 101.000 165.000 149.000 
0.000 79.000 54.000 70.000 51.000 66.000 60.000 79.000 57.000 57.000 76.000 60.000 29.000 76.000 62.500 60.000 
79.000 0.000 30.000 59.000 78.000 35.500 69.000 78.000 73.000 78.000 54.000 52.000 59.000 57.000 75.000 80.000 
54.000 30.000 0.000 64.000 77.000 61.000 58.000 80.000 56.000 65.000 78.000 62.000 69.000 52.000 70.000 65.000 
70.000 59.000 64.000 0.000 56.000 59.000 72.000 56.000 63.000 55.000 59.500 70.000 53.000 70.000 60.000 66.000 
51.000 78.000 77.000 56.000 0.000 52.000 59.000 55.000 59.000 58.000 62.000 64.000 53.000 54.500 59.000 74.000 
66.000 35.500 61.000 59.000 52.000 0.000 67.000 52.000 66.000 68.000 66.000 58.000 73.000 77.000 71.500 57.000 
60.000 69.000 58.000 72.000 59.000 67.000 0.000 53.000 53.000 27.000 62.000 75.000 54.000 54.000 65.000 30.000 
79.000 78.000 80.000 56.000 55.000 52.000 53.000 0.000 62.000 77.000 66.500 22.000 59.000 66.000 60.000 80.000 
57.000 73.000 56.000 63.000 59.000 66.000 53.000 62.000 0.000 66.000 55.000 67.000 60.000 75.000 64.000 70.000 
57.000 78.000 65.000 55.000 58.000 68.000 27.000 77.000 66.000 0.000 59.000 63.000 38.500 55.000 56.000 58.000 
76.000 54.000 78.000 59.500 62.000 66.000 62.000 66.500 55.000 59.000 0.000 62.000 79.000 84.500 66.000 69.000 
60.000 52.000 62.000 70.000 64.000 58.000 75.000 22.000 67.000 63.000 62.000 0.000 61.000 75.000 79.000 65.000 
29.000 59.000 69.000 53.000 53.000 73.000 54.000 59.000 60.000 38.500 79.000 61.000 0.000 56.000 62.000 73.000 
76.000 57.000 52.000 70.000 54.500 77.000 54.000 66.000 75.000 55.000 84.500 75.000 56.000 0.000 56.000 98.000 
62.500 75.000 70.000 60.000 59.000 71.500 65.000 60.000 64.000 56.000 66.000 79.000 62.000 56.000 0.000 59.000 
60.000 80.000 65.000 66.000 74.000 57.000 30.000 80.000 70.000 58.000 69.000 65.000 73.000 98.000 59.000 0.000 
0.000 0.000 0.000 0.000 0.000 3191.000 0.000 0.000 158.000 0.000 0.000 0.000 196.000 0.000 158.000 0.000 
0.000 0.000 170.000 0.000 0.000 155.000 0.000 0.000 0.000 0.000 0.000 0.000 2737.000 0.000 0.000 0.000 
0.000 170.000 0.000 142.000 0.000 0.000 0.000 0.000 0.000 2372.000 0.000 0.000 0.000 0.000 0.000 0.000 
0.000 0.000 142.000 0.000 0.000 0.000 2706.000 0.000 0.000 0.000 166.000 0.000 0.000 0.000 0.000 0.000 
0.000 0.000 0.000 0.000 0.000 0.000 0.000 0.000 0.000 0.000 0.000 2841.000 0.000 119.000 0.000 0.000 
3191.000 155.000 0.000 0.000 0.000 0.000 0.000 0.000 122.000 0.000 0.000 0.000 0.000 0.000 122.000 0.000 
0.000 0.000 0.000 2706.000 0.000 0.000 0.000 0.000 0.000 117.000 0.000 0.000 0.000 0.000 0.000 131.000 
0.000 0.000 0.000 0.000 0.000 0.000 0.000 0.000 0.000 0.000 138.000 165.000 0.000 2331.000 0.000 138.000 
158.000 0.000 0.000 0.000 0.000 122.000 0.000 0.000 0.000 0.000 0.000 0.000 0.000 0.000 2770.000 0.000 
0.000 0.000 2372.000 0.000 0.000 0.000 117.000 0.000 0.000 0.000 0.000 0.000 164.000 0.000 0.000 0.000 
0.000 0.000 0.000 166.000 0.000 0.000 0.000 138.000 0.000 0.000 0.000 0.000 0.000 110.000 0.000 2010.000 
0.000 0.000 0.000 0.000 2841.000 0.000 0.000 165.000 0.000 0.000 0.000 0.000 0.000 0.000 0.000 0.000 
196.000 2737.000 0.000 0.000 0.000 0.000 0.000 0.000 0.000 164.000 0.000 0.000 0.000 0.000 0.000 0.000 
0.000 0.000 0.000 0.000 119.000 0.000 0.000 2331.000 0.000 0.000 110.000 0.000 0.000 0.000 0.000 110.000 
158.000 0.000 0.000 0.000 0.000 122.000 0.000 0.000 2770.000 0.000 0.000 0.000 0.000 0.000 0.000 0.000 
0.000 0.000 0.000 0.000 0.000 0.000 131.000 138.000 0.000 0.000 2010.000 0.000 0.000 110.000 0.000 0.000 
