16 2
10.000
156.000 182.000 159.000 149.000 112.000 177.000 112.000 197.000 170.000 115.000 103.000 193.000 148.000 185.000 188.000 136.000 
0.000 77.000 76.000 62.000 109.000 77.000 63.000 71.000 80.000 72.000 60.000 76.000 73.000 78.000 63.000 53.000 
77.000 0.000 57.000 80.000 57.000 72.000 74.000 64.000 62.000 80.000 61.000 68.000 63.500 67.000 69.000 69.000 
76.000 57.000 0.000 73.000 107.500 51.000 63.000 74.000 78.500 54.000 58.000 58.000 55.000 78.000 70.000 58.000 
62.000 80.000 73.000 0.000 53.000 66.000 59.000 27.000 80.000 60.000 69.000 54.500 80.000 58.000 57.000 62.000 
109.000 57.000 107.500 53.000 0.000 78.000 77.000 51.000 70.000 58.000 71.000 72.000 60.000 55.000 71.000 51.000 
77.000 72.000 51.000 66.000 78.000 0.000 66.000 52.000 59.000 71.000 69.000 72.000 22.000 79.000 22.000 79.000 
63.000 74.000 63.000 59.000 77.000 66.000 0.000 65.000 73.000 115.000 59.000 60.000 98.500 77.000 59.000 53.000 
71.000 64.000 74.000 27.000 51.000 52.000 65.000 0.000 73.000 76.000 76.000 54.000 68.000 68.000 53.000 71.000 
80.000 62.000 78.500 80.000 70.000 59.000 73.000 73.000 0.000 64.000 80.000 72.000 72.000 28.000 54.000 65.000 
72.000 80.000 54.000 60.000 58.000 71.000 115.000 76.000 64.000 0.000 75.500 57.000 68.000 68.000 57.000 61.000 
60.000 61.000 58.000 69.000 71.000 69.000 59.000 76.000 80.000 75.500 0.000 56.500 78.000 64.000 56.000 66.000 
76.000 68.000 58.000 54.500 72.000 72.000 60.000 54.000 72.000 57.000 56.500 0.000 73.000 56.000 79.000 61.000 
73.000 63.500 55.000 80.000 60.000 22.000 98.500 68.000 72.000 68.000 78.000 73.000 0.000 75.000 56.000 77.000 
78.000 67.000 78.000 58.000 55.000 79.000 77.000 68.000 28.000 68.000 64.000 56.000 75.000 0.000 71.000 39.500 
63.000 69.000 70.000 57.000 71.000 22.000 59.000 53.000 54.000 57.000 56.000 79.000 56.000 71.000 0.000 63.500 
53.000 69.000 58.000 62.000 51.000 79.000 53.000 71.000 65.000 61.000 66.000 61.000 77.000 39.500 63.500 0.000 
0.000 0.000 4042.000 0.000 164.000 0.000 0.000 0.000 164.000 0.000 0.000 0.000 0.000 0.000 0.000 0.000 
0.000 0.000 0.000 0.000 0.000 0.000 4534.000 0.000 0.000 118.000 0.000 0.000 159.000 0.000 0.000 0.000 
4042.000 0.000 0.000 0.000 186.000 0.000 0.000 0.000 186.000 0.000 0.000 0.000 0.000 0.000 0.000 0.000 
0.000 0.000 0.000 0.000 0.000 0.000 0.000 148.000 0.000 0.000 0.000 182.000 0.000 0.000 182.000 3869.000 
164.000 0.000 186.000 0.000 0.000 0.000 0.000 188.000 3196.000 0.000 0.000 0.000 0.000 0.000 0.000 0.000 
0.000 0.000 0.000 0.000 0.000 0.000 0.000 0.000 0.000 0.000 4233.000 0.000 176.000 0.000 189.000 0.000 
0.000 4534.000 0.000 0.000 0.000 0.000 0.000 0.000 0.000 118.000 0.000 0.000 159.000 0.000 0.000 0.000 
0.000 0.000 0.000 148.000 188.000 0.000 0.000 0.000 0.000 0.000 0.000 0.000 0.000 4850.000 0.000 0.000 
164.000 0.000 186.000 0.000 3196.000 0.000 0.000 0.000 0.000 0.000 0.000 0.000 0.000 156.000 0.000 0.000 
0.000 118.000 0.000 0.000 0.000 0.000 118.000 0.000 0.000 0.000 128.000 0.000 2029.000 0.000 0.000 0.000 
0.000 0.000 0.000 0.000 0.000 4233.000 0.000 0.000 0.000 128.000 0.000 139.000 0.000 0.000 0.000 0.000 
0.000 0.000 0.000 182.000 0.000 0.000 0.000 0.000 0.000 0.000 139.000 0.000 0.000 0.000 4365.000 187.000 
0.000 159.000 0.000 0.000 0.000 176.000 159.000 0.000 0.000 2029.000 0.000 0.000 0.000 0.000 0.000 0.000 
0.000 0.000 0.000 0.000 0.000 0.000 0.000 4850.000 156.000 0.000 0.000 0.000 0.000 0.000 0.000 194.000 
0.000 0.000 0.000 182.000 0.000 189.000 0.000 0.000 0.000 0.000 0.000 4365.000 0.000 0.000 0.000 187.000 
0.000 0.000 0.000 3869.000 0.000 0.000 0.000 0.000 0.000 0.000 0.000 187.000 0.000 194.000 187.000 0.000 
