18 2
10.000
161.000 199.000 154.000 113.000 115.000 161.000 156.000 150.000 160.000 124.000 180.000 120.000 165.000 132.000 185.000 135.000 186.000 187.000 
0.000 51.000 26.000 64.000 57.000 73.000 75.000 68.000 60.000 69.000 71.000 71.000 75.000 61.000 58.000 76.000 26.000 67.000 
51.000 0.000 59.000 74.000 59.000 65.000 65.000 61.000 60.000 73.000 76.000 60.000 21.000 52.000 66.000 63.000 75.000 70.000 
26.000 59.000 0.000 60.000 73.000 60.000 61.000 55.000 58.000 94.500 79.000 63.000 62.000 69.000 64.000 75.000 52.000 67.000 
64.000 74.000 60.000 0.000 56.000 62.500 62.000 62.000 59.000 68.000 37.000 55.000 76.000 67.000 55.000 52.000 61.000 56.000 
57.000 59.000 73.000 56.000 0.000 52.000 52.000 60.000 75.000 76.000 73.000 69.000 57.000 100.500 52.000 51.000 68.000 73.000 
73.000 65.000 60.000 62.500 52.000 0.000 62.000 80.000 69.000 71.000 58.000 95.000 68.000 55.000 65.000 60.000 78.000 75.000 
75.000 65.000 61.000 62.000 52.000 62.000 0.000 56.000 55.000 66.000 77.000 67.000 51.000 77.000 60.000 57.500 79.000 56.000 
68.000 61.000 55.000 62.000 60.000 80.000 56.000 0.000 79.000 55.000 79.000 60.000 59.000 74.000 53.000 74.000 67.500 68.000 
60.000 60.000 58.000 59.000 75.000 69.000 55.000 79.000 0.000 61.000 76.000 64.000 59.000 78.000 23.000 80.000 59.000 50.500 
69.000 73.000 94.500 68.000 76.000 71.000 66.000 55.000 61.000 0.000 81.500 69.000 60.000 52.000 71.000 78.000 66.000 55.000 
71.000 76.000 79.000 37.000 73.000 58.000 77.000 79.000 76.000 81.500 0.000 64.000 80.000 65.000 51.000 63.000 69.000 56.000 
71.000 60.000 63.000 55.000 69.000 95.000 67.000 60.000 64.000 69.000 64.000 0.000 74.000 79.000 74.000 89.000 82.500 59.000 
75.000 21.000 62.000 76.000 57.000 68.000 51.000 59.000 59.000 60.000 80.000 74.000 0.000 65.000 74.000 57.000 80.000 57.000 
61.000 52.000 69.000 67.000 100.500 55.000 77.000 74.000 78.000 52.000 65.000 79.000 65.000 0.000 62.000 52.000 71.000 62.000 
58.000 66.000 64.000 55.000 52.000 65.000 60.000 53.000 23.000 71.000 51.000 74.000 74.000 62.000 0.000 64.000 59.000 51.000 
76.000 63.000 75.000 52.000 51.000 60.000 57.500 74.000 80.000 78.000 63.000 89.000 57.000 52.000 64.000 0.000 53.000 53.000 
26.000 75.000 52.000 61.000 68.000 78.000 79.000 67.500 59.000 66.000 69.000 82.500 80.000 71.000 59.000 53.000 0.000 63.000 
67.000 70.000 67.000 56.000 73.000 75.000 56.000 68.000 50.500 55.000 56.000 59.000 57.000 62.000 51.000 53.000 63.000 0.000 
0.000 0.000 141.000 4988.000 0.000 0.000 0.000 0.000 0.000 0.000 0.000 0.000 0.000 0.000 0.000 0.000 164.000 0.000 
0.000 0.000 0.000 0.000 0.000 0.000 2048.000 0.000 0.000 0.000 0.000 0.000 167.000 0.000 0.000 0.000 0.000 0.000 
141.000 0.000 0.000 0.000 0.000 0.000 0.000 0.000 0.000 149.000 4325.000 0.000 0.000 0.000 149.000 0.000 0.000 0.000 
4988.000 0.000 0.000 0.000 0.000 151.000 0.000 0.000 0.000 0.000 190.000 0.000 0.000 0.000 0.000 0.000 0.000 0.000 
0.000 0.000 0.000 0.000 0.000 0.000 0.000 0.000 4443.000 147.000 0.000 0.000 0.000 128.000 0.000 0.000 0.000 128.000 
0.000 0.000 0.000 151.000 0.000 0.000 0.000 145.000 0.000 0.000 0.000 191.000 0.000 0.000 0.000 0.000 4232.000 0.000 
0.000 2048.000 0.000 0.000 0.000 0.000 0.000 0.000 0.000 0.000 0.000 0.000 0.000 0.000 0.000 118.000 0.000 0.000 
0.000 0.000 0.000 0.000 0.000 145.000 0.000 0.000 0.000 0.000 0.000 2331.000 151.000 0.000 0.000 200.000 145.000 0.000 
0.000 0.000 0.000 0.000 4443.000 0.000 0.000 0.000 0.000 0.000 0.000 0.000 0.000 179.000 128.000 0.000 0.000 179.000 
0.000 0.000 149.000 0.000 147.000 0.000 0.000 0.000 0.000 0.000 107.000 0.000 0.000 0.000 3061.000 0.000 0.000 0.000 
0.000 0.000 4325.000 190.000 0.000 0.000 0.000 0.000 0.000 107.000 0.000 0.000 0.000 0.000 107.000 0.000 0.000 0.000 
0.000 0.000 0.000 0.000 0.000 191.000 0.000 2331.000 0.000 0.000 0.000 0.000 151.000 0.000 0.000 200.000 191.000 0.000 
0.000 167.000 0.000 0.000 0.000 0.000 0.000 151.000 0.000 0.000 0.000 151.000 0.000 0.000 0.000 3737.000 0.000 0.000 
0.000 0.000 0.000 0.000 128.000 0.000 0.000 0.000 179.000 0.000 0.000 0.000 0.000 0.000 0.000 0.000 0.000 3536.000 
0.000 0.000 149.000 0.000 0.000 0.000 0.000 0.000 128.000 3061.000 107.000 0.000 0.000 0.000 0.000 0.000 0.000 0.000 
0.000 0.000 0.000 0.000 0.000 0.000 118.000 200.000 0.000 0.000 0.000 200.000 3737.000 0.000 0.000 0.000 0.000 0.000 
164.000 0.000 0.000 0.000 0.000 4232.000 0.000 145.000 0.000 0.000 0.000 191.000 0.000 0.000 0.000 0.000 0.000 0.000 
0.000 0.000 0.000 0.000 128.000 0.000 0.000 0.000 179.000 0.000 0.000 0.000 0.000 3536.000 0.000 0.000 0.000 0.000 
