18 2
10.000
140.000 120.000 125.000 150.000 193.000 156.000 107.000 135.000 148.000 135.000 191.000 144.000 164.000 197.000 178.000 171.000 108.000 128.000 
0.000 77.000 70.000 66.000 77.000 64.000 76.000 78.000 78.000 52.000 59.000 45.500 59.000 62.000 53.000 61.000 78.500 66.000 
77.000 0.000 102.000 59.000 56.000 51.000 78.000 70.000 73.000 57.000 54.000 58.000 51.000 66.000 58.000 70.000 79.000 58.000 
70.000 102.000 0.000 87.000 56.000 59.000 79.000 51.000 62.000 53.000 79.000 109.000 75.000 62.000 51.000 74.000 80.000 117.000 
66.000 59.000 87.000 0.000 64.000 74.000 54.000 61.000 65.000 68.000 66.000 52.000 76.000 51.000 63.000 77.000 57.000 74.000 
77.000 56.000 56.000 64.000 0.000 28.000 68.000 56.000 68.000 79.000 65.000 75.000 79.000 55.000 66.000 71.000 67.000 27.000 
64.000 51.000 59.000 74.000 28.000 0.000 72.000 51.000 59.000 69.000 68.000 53.000 76.000 72.000 29.000 64.000 71.000 63.000 
76.000 78.000 79.000 54.000 68.000 72.000 0.000 66.000 125.000 51.000 27.000 66.000 58.000 55.000 110.000 65.000 72.000 69.000 
78.000 70.000 51.000 61.000 56.000 51.000 66.000 0.000 71.000 66.500 56.000 62.000 61.000 51.000 55.000 23.000 59.000 80.000 
78.000 73.000 62.000 65.000 68.000 59.000 125.000 71.000 0.000 66.000 62.000 56.000 66.000 65.000 55.000 93.000 68.000 60.000 
52.000 57.000 53.000 68.000 79.000 69.000 51.000 66.500 66.000 0.000 58.000 60.000 63.000 78.000 62.000 62.000 63.000 66.000 
59.000 54.000 79.000 66.000 65.000 68.000 27.000 56.000 62.000 58.000 0.000 52.000 24.000 56.000 75.000 66.000 61.000 69.000 
45.500 58.000 109.000 52.000 75.000 53.000 66.000 62.000 56.000 60.000 52.000 0.000 71.000 73.000 75.000 61.000 54.000 68.000 
59.000 51.000 75.000 76.000 79.000 76.000 58.000 61.000 66.000 63.000 24.000 71.000 0.000 70.000 62.000 53.000 69.000 58.000 
62.000 66.000 62.000 51.000 55.000 72.000 55.000 51.000 65.000 78.000 56.000 73.000 70.000 0.000 51.000 64.000 57.000 81.000 
53.000 58.000 51.000 63.000 66.000 29.000 110.000 55.000 55.000 62.000 75.000 75.000 62.000 51.000 0.000 78.000 76.000 57.000 
61.000 70.000 74.000 77.000 71.000 64.000 65.000 23.000 93.000 62.000 66.000 61.000 53.000 64.000 78.000 0.000 77.000 55.000 
78.500 79.000 80.000 57.000 67.000 71.000 72.000 59.000 68.000 63.000 61.000 54.000 69.000 57.000 76.000 77.000 0.000 78.000 
66.000 58.000 117.000 74.000 27.000 63.000 69.000 80.000 60.000 66.000 69.000 68.000 58.000 81.000 57.000 55.000 78.000 0.000 
0.000 0.000 0.000 0.000 3920.000 0.000 0.000 0.000 0.000 0.000 0.000 147.000 0.000 0.000 0.000 0.000 200.000 0.000 
0.000 0.000 190.000 2382.000 0.000 0.000 0.000 0.000 0.000 0.000 0.000 0.000 0.000 142.000 0.000 0.000 0.000 0.000 
0.000 190.000 0.000 190.000 0.000 0.000 0.000 0.000 0.000 0.000 0.000 144.000 0.000 4672.000 0.000 0.000 0.000 182.000 
0.000 2382.000 190.000 0.000 0.000 0.000 0.000 0.000 0.000 0.000 0.000 0.000 0.000 142.000 0.000 0.000 0.000 0.000 
3920.000 0.000 0.000 0.000 0.000 173.000 0.000 0.000 0.000 0.000 0.000 0.000 0.000 0.000 0.000 0.000 0.000 104.000 
0.000 0.000 0.000 0.000 173.000 0.000 0.000 0.000 0.000 0.000 0.000 0.000 0.000 0.000 193.000 0.000 2298.000 0.000 
0.000 0.000 0.000 0.000 0.000 0.000 0.000 0.000 192.000 0.000 130.000 0.000 0.000 0.000 192.000 4143.000 0.000 0.000 
0.000 0.000 0.000 0.000 0.000 0.000 0.000 0.000 0.000 173.000 4214.000 0.000 0.000 0.000 0.000 129.000 0.000 0.000 
0.000 0.000 0.000 0.000 0.000 0.000 192.000 0.000 0.000 0.000 0.000 0.000 0.000 0.000 2999.000 117.000 139.000 0.000 
0.000 0.000 0.000 0.000 0.000 0.000 0.000 173.000 0.000 0.000 0.000 0.000 2569.000 0.000 0.000 0.000 0.000 0.000 
0.000 0.000 0.000 0.000 0.000 0.000 130.000 4214.000 0.000 0.000 0.000 0.000 134.000 0.000 0.000 0.000 0.000 0.000 
147.000 0.000 144.000 0.000 0.000 0.000 0.000 0.000 0.000 0.000 0.000 0.000 0.000 144.000 0.000 0.000 0.000 4654.000 
0.000 0.000 0.000 0.000 0.000 0.000 0.000 0.000 0.000 2569.000 134.000 0.000 0.000 0.000 0.000 0.000 0.000 0.000 
0.000 142.000 4672.000 142.000 0.000 0.000 0.000 0.000 0.000 0.000 0.000 144.000 0.000 0.000 0.000 0.000 0.000 182.000 
0.000 0.000 0.000 0.000 0.000 193.000 192.000 0.000 2999.000 0.000 0.000 0.000 0.000 0.000 0.000 117.000 0.000 0.000 
0.000 0.000 0.000 0.000 0.000 0.000 4143.000 129.000 117.000 0.000 0.000 0.000 0.000 0.000 117.000 0.000 0.000 0.000 
200.000 0.000 0.000 0.000 0.000 2298.000 0.000 0.000 139.000 0.000 0.000 0.000 0.000 0.000 0.000 0.000 0.000 0.000 
0.000 0.000 182.000 0.000 104.000 0.000 0.000 0.000 0.000 0.000 0.000 4654.000 0.000 182.000 0.000 0.000 0.000 0.000 
