20 2
10.000
159.000 159.000 141.000 153.000 180.000 138.000 121.000 132.000 167.000 159.000 145.000 108.000 199.000 191.000 136.000 149.000 195.000 161.000 116.000 146.000 
0.000 72.000 78.000 88.500 56.000 78.000 75.000 58.000 81.500 80.000 76.000 73.000 67.000 53.000 74.000 61.000 70.000 65.000 88.000 73.000 
72.000 0.000 30.000 75.000 63.000 59.000 73.000 71.000 64.000 62.000 79.000 66.000 22.000 76.000 54.000 62.000 61.000 52.000 57.000 69.000 
78.000 30.000 0.000 55.000 61.000 72.000 78.000 80.000 79.000 71.000 21.000 72.000 69.000 63.000 58.000 58.000 73.000 51.000 74.000 67.000 
88.500 75.000 55.000 0.000 78.000 74.000 57.000 63.000 62.000 79.000 56.500 64.000 51.000 53.000 75.000 55.000 52.000 78.000 67.000 68.000 
56.000 63.000 61.000 78.000 0.000 63.000 60.000 78.000 71.000 52.000 72.000 68.000 68.000 74.000 64.000 69.000 55.000 56.000 77.500 62.500 
78.000 59.000 72.000 74.000 63.000 0.000 55.000 57.000 72.000 70.000 80.000 95.500 63.000 54.000 63.000 56.000 53.000 56.000 62.000 65.000 
75.000 73.000 78.000 57.000 60.000 55.000 0.000 55.000 68.000 75.000 76.000 79.000 71.000 55.000 72.500 45.000 57.000 70.000 58.000 69.000 
58.000 71.000 80.000 63.000 78.000 57.000 55.000 0.000 56.000 68.000 63.000 52.000 80.000 61.000 52.000 23.500 70.000 52.000 65.000 54.000 
81.500 64.000 79.000 62.000 71.000 72.000 68.000 56.000 0.000 64.000 49.500 74.000 54.000 69.000 70.000 77.000 64.000 60.000 64.000 78.000 
80.000 62.000 71.000 79.000 52.000 70.000 75.000 68.000 64.000 0.000 51.000 53.000 75.000 43.500 106.500 61.000 57.000 64.000 51.000 75.000 
76.000 79.000 21.000 56.500 72.000 80.000 76.000 63.000 49.500 51.000 0.000 61.000 56.000 62.000 58.000 60.000 53.000 72.000 60.000 59.000 
73.000 66.000 72.000 64.000 68.000 95.500 79.000 52.000 74.000 53.000 61.000 0.000 100.500 69.000 132.000 75.000 53.000 65.000 68.000 80.000 
67.000 22.000 69.000 51.000 68.000 63.000 71.000 80.000 54.000 75.000 56.000 100.500 0.000 57.000 56.000 76.000 57.000 74.000 59.000 57.000 
53.000 76.000 63.000 53.000 74.000 54.000 55.000 61.000 69.000 43.500 62.000 69.000 57.000 0.000 66.000 54.000 72.000 79.000 69.000 69.000 
74.000 54.000 58.000 75.000 64.000 63.000 72.500 52.000 70.000 106.500 58.000 132.000 56.000 66.000 0.000 55.000 63.000 76.000 70.000 80.000 
61.000 62.000 58.000 55.000 69.000 56.000 45.000 23.500 77.000 61.000 60.000 75.000 76.000 54.000 55.000 0.000 64.000 58.000 79.000 59.000 
70.000 61.000 73.000 52.000 55.000 53.000 57.000 70.000 64.000 57.000 53.000 53.000 57.000 72.000 63.000 64.000 0.000 63.000 66.000 28.000 
65.000 52.000 51.000 78.000 56.000 56.000 70.000 52.000 60.000 64.000 72.000 65.000 74.000 79.000 76.000 58.000 63.000 0.000 60.000 64.000 
88.000 57.000 74.000 67.000 77.500 62.000 58.000 65.000 64.000 51.000 60.000 68.000 59.000 69.000 70.000 79.000 66.000 60.000 0.000 78.000 
73.000 69.000 67.000 68.000 62.500 65.000 69.000 54.000 78.000 75.000 59.000 80.000 57.000 69.000 80.000 59.000 28.000 64.000 78.000 0.000 
0.000 0.000 0.000 187.000 2618.000 0.000 0.000 0.000 200.000 0.000 0.000 0.000 0.000 0.000 0.000 0.000 0.000 0.000 187.000 187.000 
0.000 0.000 170.000 0.000 0.000 0.000 2775.000 0.000 0.000 0.000 0.000 0.000 176.000 0.000 0.000 0.000 0.000 0.000 0.000 0.000 
0.000 170.000 0.000 0.000 0.000 0.000 0.000 0.000 0.000 0.000 175.000 0.000 0.000 0.000 0.000 3131.000 0.000 0.000 0.000 0.000 
187.000 0.000 0.000 0.000 187.000 0.000 0.000 199.000 3977.000 0.000 132.000 0.000 0.000 0.000 0.000 0.000 0.000 0.000 0.000 0.000 
2618.000 0.000 0.000 187.000 0.000 0.000 0.000 0.000 200.000 0.000 0.000 0.000 0.000 0.000 0.000 0.000 0.000 0.000 170.000 170.000 
0.000 0.000 0.000 0.000 0.000 0.000 0.000 0.000 0.000 191.000 0.000 191.000 0.000 4899.000 0.000 0.000 0.000 0.000 0.000 0.000 
0.000 2775.000 0.000 0.000 0.000 0.000 0.000 0.000 0.000 0.000 0.000 0.000 0.000 0.000 109.000 171.000 0.000 0.000 0.000 0.000 
0.000 0.000 0.000 199.000 0.000 0.000 0.000 0.000 199.000 0.000 2666.000 0.000 0.000 0.000 0.000 162.000 0.000 0.000 0.000 0.000 
200.000 0.000 0.000 3977.000 200.000 0.000 0.000 199.000 0.000 0.000 132.000 0.000 0.000 0.000 0.000 0.000 0.000 0.000 0.000 0.000 
0.000 0.000 0.000 0.000 0.000 191.000 0.000 0.000 0.000 0.000 0.000 3265.000 101.000 146.000 101.000 0.000 0.000 0.000 0.000 0.000 
0.000 0.000 175.000 132.000 0.000 0.000 0.000 2666.000 132.000 0.000 0.000 0.000 0.000 0.000 0.000 0.000 0.000 0.000 0.000 0.000 
0.000 0.000 0.000 0.000 0.000 191.000 0.000 0.000 0.000 3265.000 0.000 0.000 139.000 146.000 139.000 0.000 0.000 0.000 0.000 0.000 
0.000 176.000 0.000 0.000 0.000 0.000 0.000 0.000 0.000 101.000 0.000 139.000 0.000 0.000 3191.000 0.000 0.000 0.000 0.000 0.000 
0.000 0.000 0.000 0.000 0.000 4899.000 0.000 0.000 0.000 146.000 0.000 146.000 0.000 0.000 0.000 0.000 0.000 0.000 0.000 0.000 
0.000 0.000 0.000 0.000 0.000 0.000 109.000 0.000 0.000 101.000 0.000 139.000 3191.000 0.000 0.000 0.000 0.000 0.000 0.000 0.000 
0.000 0.000 3131.000 0.000 0.000 0.000 171.000 162.000 0.000 0.000 0.000 0.000 0.000 0.000 0.000 0.000 0.000 0.000 0.000 0.000 
0.000 0.000 0.000 0.000 0.000 0.000 0.000 0.000 0.000 0.000 0.000 0.000 0.000 0.000 0.000 0.000 0.000 3239.000 0.000 126.000 
0.000 0.000 0.000 0.000 0.000 0.000 0.000 0.000 0.000 0.000 0.000 0.000 0.000 0.000 0.000 0.000 3239.000 0.000 164.000 0.000 
187.000 0.000 0.000 0.000 170.000 0.000 0.000 0.000 0.000 0.000 0.000 0.000 0.000 0.000 0.000 0.000 0.000 164.000 0.000 2514.000 
187.000 0.000 0.000 0.000 170.000 0.000 0.000 0.000 0.000 0.000 0.000 0.000 0.000 0.000 0.000 0.000 126.000 0.000 2514.000 0.000 
