20 2
10.000
168.000 136.000 120.000 184.000 151.000 101.000 154.000 164.000 147.000 151.000 144.000 113.000 131.000 155.000 153.000 177.000 200.000 135.000 107.000 148.000 
0.000 26.000 67.000 63.000 72.000 67.000 24.000 56.000 51.000 51.000 76.000 62.000 66.000 68.000 59.000 62.000 66.000 62.000 53.000 66.000 
26.000 0.000 67.000 55.000 73.000 55.000 54.000 75.000 56.000 21.000 68.000 68.000 63.000 63.000 80.000 71.000 60.000 51.000 73.000 55.000 
67.000 67.000 0.000 69.000 55.000 53.000 54.000 64.000 64.000 68.000 89.000 63.000 62.000 53.000 79.000 67.000 72.000 62.000 51.000 64.000 
63.000 55.000 69.000 0.000 75.000 71.000 71.000 67.000 61.000 69.000 56.000 70.000 66.000 62.000 77.000 70.000 66.000 56.000 68.000 55.000 
72.000 73.000 55.000 75.000 0.000 62.000 56.000 57.000 68.000 69.000 63.000 74.000 53.000 67.000 73.000 52.000 56.000 55.000 64.000 66.000 
67.000 55.000 53.000 71.000 62.000 0.000 61.000 60.000 58.000 78.000 79.000 68.000 65.000 36.500 51.000 54.000 71.000 60.000 72.000 70.000 
24.000 54.000 54.000 71.000 56.000 61.000 0.000 63.000 53.000 62.000 73.000 55.000 59.000 65.000 58.000 57.000 68.000 62.500 76.500 59.000 
56.000 75.000 64.000 67.000 57.000 60.000 63.000 0.000 67.000 70.000 53.000 55.000 118.000 69.000 62.000 95.000 66.000 32.000 79.000 52.000 
51.000 56.000 64.000 61.000 68.000 58.000 53.000 67.000 0.000 80.000 52.000 73.000 65.000 60.000 35.000 58.000 77.000 66.000 80.000 77.000 
51.000 21.000 68.000 69.000 69.000 78.000 62.000 70.000 80.000 0.000 60.000 88.000 64.000 79.000 64.000 63.000 53.000 80.000 55.000 61.000 
76.000 68.000 89.000 56.000 63.000 79.000 73.000 53.000 52.000 60.000 0.000 64.000 54.000 80.000 54.000 77.000 67.000 60.000 64.000 75.000 
62.000 68.000 63.000 70.000 74.000 68.000 55.000 55.000 73.000 88.000 64.000 0.000 55.000 86.000 58.000 64.000 73.000 53.000 61.000 62.000 
66.000 63.000 62.000 66.000 53.000 65.000 59.000 118.000 65.000 64.000 54.000 55.000 0.000 68.000 58.000 55.000 100.000 54.000 74.000 62.000 
68.000 63.000 53.000 62.000 67.000 36.500 65.000 69.000 60.000 79.000 80.000 86.000 68.000 0.000 66.000 68.000 69.000 75.000 53.000 60.000 
59.000 80.000 79.000 77.000 73.000 51.000 58.000 62.000 35.000 64.000 54.000 58.000 58.000 66.000 0.000 63.000 62.000 54.000 53.000 73.000 
62.000 71.000 67.000 70.000 52.000 54.000 57.000 95.000 58.000 63.000 77.000 64.000 55.000 68.000 63.000 0.000 77.000 52.000 53.000 25.000 
66.000 60.000 72.000 66.000 56.000 71.000 68.000 66.000 77.000 53.000 67.000 73.000 100.000 69.000 62.000 77.000 0.000 75.000 28.000 57.000 
62.000 51.000 62.000 56.000 55.000 60.000 62.500 32.000 66.000 80.000 60.000 53.000 54.000 75.000 54.000 52.000 75.000 0.000 58.000 73.000 
53.000 73.000 51.000 68.000 64.000 72.000 76.500 79.000 80.000 55.000 64.000 61.000 74.000 53.000 53.000 53.000 28.000 58.000 0.000 64.000 
66.000 55.000 64.000 55.000 66.000 70.000 59.000 52.000 77.000 61.000 75.000 62.000 62.000 60.000 73.000 25.000 57.000 73.000 64.000 0.000 
0.000 146.000 0.000 0.000 0.000 0.000 123.000 0.000 0.000 0.000 0.000 0.000 0.000 0.000 3706.000 0.000 0.000 0.000 0.000 0.000 
146.000 0.000 0.000 0.000 0.000 2878.000 0.000 0.000 0.000 155.000 0.000 0.000 0.000 0.000 0.000 0.000 0.000 0.000 0.000 0.000 
0.000 0.000 0.000 101.000 0.000 0.000 0.000 0.000 0.000 0.000 101.000 0.000 162.000 0.000 0.000 0.000 0.000 0.000 0.000 4181.000 
0.000 0.000 101.000 0.000 0.000 0.000 0.000 0.000 0.000 0.000 3583.000 0.000 0.000 0.000 0.000 0.000 0.000 0.000 0.000 140.000 
0.000 0.000 0.000 0.000 0.000 0.000 0.000 0.000 0.000 135.000 0.000 4992.000 0.000 135.000 0.000 0.000 0.000 0.000 0.000 0.000 
0.000 2878.000 0.000 0.000 0.000 0.000 0.000 0.000 0.000 0.000 0.000 0.000 0.000 185.000 119.000 0.000 0.000 0.000 0.000 0.000 
123.000 0.000 0.000 0.000 0.000 0.000 0.000 0.000 3829.000 0.000 0.000 0.000 0.000 0.000 0.000 0.000 0.000 189.000 189.000 0.000 
0.000 0.000 0.000 0.000 0.000 0.000 0.000 0.000 0.000 0.000 0.000 0.000 179.000 0.000 0.000 179.000 4572.000 114.000 0.000 0.000 
0.000 0.000 0.000 0.000 0.000 0.000 3829.000 0.000 0.000 0.000 0.000 0.000 0.000 0.000 104.000 0.000 0.000 105.000 105.000 0.000 
0.000 155.000 0.000 0.000 135.000 0.000 0.000 0.000 0.000 0.000 0.000 102.000 0.000 2187.000 0.000 0.000 0.000 0.000 0.000 0.000 
0.000 0.000 101.000 3583.000 0.000 0.000 0.000 0.000 0.000 0.000 0.000 0.000 0.000 0.000 0.000 0.000 0.000 0.000 0.000 140.000 
0.000 0.000 0.000 0.000 4992.000 0.000 0.000 0.000 0.000 102.000 0.000 0.000 0.000 102.000 0.000 0.000 0.000 0.000 0.000 0.000 
0.000 0.000 162.000 0.000 0.000 0.000 0.000 179.000 0.000 0.000 0.000 0.000 0.000 0.000 0.000 4177.000 116.000 0.000 0.000 0.000 
0.000 0.000 0.000 0.000 135.000 185.000 0.000 0.000 0.000 2187.000 0.000 102.000 0.000 0.000 0.000 0.000 0.000 0.000 0.000 0.000 
3706.000 0.000 0.000 0.000 0.000 119.000 0.000 0.000 104.000 0.000 0.000 0.000 0.000 0.000 0.000 0.000 0.000 0.000 0.000 0.000 
0.000 0.000 0.000 0.000 0.000 0.000 0.000 179.000 0.000 0.000 0.000 0.000 4177.000 0.000 0.000 0.000 116.000 0.000 0.000 185.000 
0.000 0.000 0.000 0.000 0.000 0.000 0.000 4572.000 0.000 0.000 0.000 0.000 116.000 0.000 0.000 116.000 0.000 0.000 121.000 0.000 
0.000 0.000 0.000 0.000 0.000 0.000 189.000 114.000 105.000 0.000 0.000 0.000 0.000 0.000 0.000 0.000 0.000 0.000 2212.000 0.000 
0.000 0.000 0.000 0.000 0.000 0.000 189.000 0.000 105.000 0.000 0.000 0.000 0.000 0.000 0.000 0.000 121.000 2212.000 0.000 0.000 
0.000 0.000 4181.000 140.000 0.000 0.000 0.000 0.000 0.000 0.000 140.000 0.000 0.000 0.000 0.000 185.000 0.000 0.000 0.000 0.000 
