8 2
10.000
122.000 113.000 142.000 170.000 145.000 190.000 147.000 140.000 
0.000 80.000 74.000 82.000 55.000 72.000 75.000 35.500 
80.000 0.000 72.000 102.000 53.000 92.000 76.000 71.000 
74.000 72.000 0.000 72.000 23.000 62.000 67.000 65.000 
82.000 102.000 72.000 0.000 71.000 62.000 85.000 74.000 
55.000 53.000 23.000 71.000 0.000 70.000 71.000 77.000 
72.000 92.000 62.000 62.000 70.000 0.000 75.000 54.000 
75.000 76.000 67.000 85.000 71.000 75.000 0.000 72.000 
35.500 71.000 65.000 74.000 77.000 54.000 72.000 0.000 
0.000 0.000 3049.000 115.000 0.000 115.000 0.000 120.000 
0.000 0.000 0.000 193.000 0.000 116.000 2041.000 0.000 
3049.000 0.000 0.000 169.000 193.000 169.000 0.000 0.000 
115.000 193.000 169.000 0.000 0.000 2339.000 193.000 0.000 
0.000 0.000 193.000 0.000 0.000 0.000 0.000 2204.000 
115.000 116.000 169.000 2339.000 0.000 0.000 116.000 0.000 
0.000 2041.000 0.000 193.000 0.000 116.000 0.000 0.000 
120.000 0.000 0.000 0.000 2204.000 0.000 0.000 0.000 
